-460.5251414506147 -2610.779275836825
-5047.888872243309 -2355.549030735893
5511.190647214929 -3495.655782488152
-1726.9258628651987 -7480.4157195229545
5787.026416515071 305.1225624818744
5652.783925881673 -6773.8631720048015
6780.710432825439 2787.864229671948
9921.635812532866 6040.985501133186
-8695.710821055764 -4738.458509768025
-9097.71788836086 2125.7549877855145
-3637.860318969714 9978.080096901354
232.66696373804916 -50.574136542883934
-8384.933424919991 3578.3129765767535
-5698.542891769942 -9933.289378504931
-9660.796696942542 5865.169419608836
7499.28450023834 9061.337917973779
-6255.719607405643 -1183.9414582666486
-4815.012497113702 1030.5588136158422
7411.0922050576155 -997.8848824451034
3027.3284779781243 940.9756914400841
7140.941103140049 7973.418737218304
-4141.919706714512 -4774.9955590129175
8571.918896014271 8249.908049294747
-6311.688852728654 -2574.1477322401797
-4721.626487253127 1404.8435239059054
3520.452204602081 542.3465856615348
-8212.296743214592 7733.820389591718
-2787.9775412753797 -3546.4960152172707
-4361.502321155051 5875.332033407252
-3868.6953765332173 9636.533839184238
4042.722066130311 3935.3547785102055
-301.94776035100404 1984.6992036015836
-2352.0837536071995 -8170.336944678058
5295.074441658497 6863.515246553634
4268.685126709479 9654.53538524222
-3210.198836101552 9199.289062596112
5006.232834824685 7317.012790096393
1161.2056451262597 -9435.674433023481
5095.1207425656885 -7082.214125424589
-808.8568694363621 6471.470722316855
2095.693422324126 -290.7791942790318
2421.0885134946184 1475.9078479725686
-3808.3785894751036 4857.122655755033
-7777.87919012147 -6195.091490450995
5387.512740239632 6672.198195500652
-4585.631378683585 666.5376563346472
-3540.8251055386518 -3880.5693996951195
5216.106023337907 9650.945367776323
7279.922477235235 598.8543665658472
-9778.375242290498 5386.687806696644
9938.449008071388 7170.291999329933
-4738.831132634114 -5223.706990765784
8998.177832060155 -1150.175185240294
9354.679057383259 -5477.638082325465
1805.0567025228884 -9691.911252685877
-6482.976077649508 -9836.619395346512
-4217.598756640393 -4922.561570568829
892.7307695228319 8934.142937125074
5710.5220525156565 9314.119756277778
-6756.8504010589695 -5900.828853614648
-9058.792610821198 -3020.9770768435055
4441.300947214089 -9587.303197376412
3335.4069477624835 -2792.5196062977675
-7540.688457117041 6647.645913920518
-5042.3684101637355 7836.408257093466
-5047.376115979909 -3779.706150528914
3493.334813914711 3991.6092549712903
4055.0101650723373 -2099.1712388960514
7663.626151128312 3154.6883270021735
-2206.9550843120833 5542.834218740496
339.8430379688725 -3768.366478600844
-9306.144880275184 -9962.13122002169
2472.045695227176 6169.062481988212
2905.948762074291 -461.1188045409617
1947.367559509219 955.5609911444681
2578.150002921582 7506.166693764495
7304.855402290392 -8532.771481913476
-5723.308625142696 -9416.466246815544
-8168.421459194137 -6392.249274618396
-7763.383613112571 2422.467583667869
-8566.811052938821 7254.463880274063
-6836.113585774721 -2940.1707071376813
-9537.752508257343 2621.6904601995193
3230.902118893846 2207.168248172751
-5703.143394165772 -1634.3141520495337
7747.7324195340225 -248.55565253501481
-9032.190972846118 -3520.740243736629
6210.349018743766 2489.737636372656
-1221.754698516219 -2031.5083360271765
-4423.92626415224 3579.9439398624836
5923.193126112543 -1094.537192844071
-7403.0681213028765 5559.129064095008
1822.8595041018398 523.8219302424313
-6206.169327958404 -2123.2239601658566
5466.19480998064 2335.650582640239
-8829.19805949219 -9462.726200614386
7973.1806593647125 -4347.228414268907
2322.897965788692 -3762.349477490543
601.9635170656074 -1808.4201528068043
9880.975969489282 -9411.64510326872
